SAMPL ID, "logP", acid corrected, base corrected, largest correction
SAMPL5_002,		2.16,		2.16,		2.16,		2.16
SAMPL5_003,		1.98,		1.98,		1.98,		1.98
SAMPL5_004,		4.50,		4.50,		4.45,		4.45
SAMPL5_005,		1.04,		1.04,		1.00,		1.00
SAMPL5_006,		1.34,		1.34,		1.33,		1.33
SAMPL5_007,		4.64,		4.64,		4.64,		4.64
SAMPL5_010,		-1.39,		-4.46,		-1.46,		-4.46
SAMPL5_011,		1.72,		-1.11,		1.72,		-1.11
SAMPL5_013,		1.10,		0.79,		1.10,		0.79
SAMPL5_015,		-0.84,		-3.80,		-0.85,		-3.80
SAMPL5_017,		6.25,		6.24,		6.24,		6.24
SAMPL5_019,		2.88,		2.88,		2.88,		2.88
SAMPL5_020,		-3.85,		-3.85,		-3.85,		-3.85
SAMPL5_021,		3.30,		3.30,		3.30,		3.30
SAMPL5_024,		0.49,		0.49,		0.48,		0.48
SAMPL5_026,		-1.71,		-4.88,		-1.71,		-4.88
SAMPL5_027,		-2.21,		-2.21,		-2.21,		-2.21
SAMPL5_033,		3.82,		3.82,		3.82,		3.82
SAMPL5_037,		-4.68,		-4.68,		-5.23,		-5.23
SAMPL5_042,		-1.36,		-1.39,		-1.36,		-1.39
SAMPL5_044,		2.55,		2.55,		2.55,		2.55
SAMPL5_045,		-1.98,		-1.98,		-1.98,		-1.98
SAMPL5_046,		1.97,		1.97,		1.97,		1.97
SAMPL5_047,		3.23,		3.23,		3.23,		3.23
SAMPL5_048,		1.13,		1.13,		1.13,		1.13
SAMPL5_049,		2.20,		2.20,		2.20,		2.20
SAMPL5_050,		1.20,		-9.78,		1.20,		-9.78
SAMPL5_055,		-0.53,		-0.53,		-0.53,		-0.53
SAMPL5_056,		2.69,		-1.45,		2.69,		-1.45
SAMPL5_058,		0.94,		0.94,		0.94,		0.94
SAMPL5_059,		-0.66,		-0.66,		-0.66,		-0.66
SAMPL5_060,		-3.70,		-7.35,		-3.71,		-7.35
SAMPL5_061,		1.89,		1.89,		1.40,		1.40
SAMPL5_063,		-3.71,		-3.71,		-6.01,		-6.01
SAMPL5_065,		2.72,		2.72,		1.90,		1.90
SAMPL5_067,		2.80,		2.80,		0.94,		0.94
SAMPL5_068,		4.29,		4.29,		4.29,		4.29
SAMPL5_069,		2.90,		2.90,		2.12,		2.12
SAMPL5_070,		4.74,		4.74,		3.03,		3.03
SAMPL5_071,		0.79,		0.79,		0.79,		0.79
SAMPL5_072,		3.54,		3.54,		2.38,		2.38
SAMPL5_074,		-3.76,		-3.76,		-3.76,		-3.76
SAMPL5_075,		2.61,		2.61,		0.75,		0.75
SAMPL5_080,		-3.76,		-3.76,		-3.76,		-3.76
SAMPL5_081,		-2.12,		-2.12,		-3.98,		-3.98
SAMPL5_082,		6.56,		6.56,		5.55,		5.55
SAMPL5_083,		1.21,		0.91,		1.08,		0.91
SAMPL5_084,		3.24,		3.24,		1.89,		1.89
SAMPL5_085,		-2.03,		-2.18,		-2.03,		-2.18
SAMPL5_086,		3.04,		3.04,		1.56,		1.56
SAMPL5_088,		-0.04,		-0.04,		-0.06,		-0.06
SAMPL5_090,		4.32,		4.32,		4.32,		4.32
SAMPL5_092,		1.52,		1.52,		1.33,		1.33
