002   0.0000
003   0.0000
004   -0.0027
005   0.0000
006   0.0000
007   0.0000
010   -2.7875
011   -3.9355
013   0.0000
015   -3.7814
017   -0.0006
019   0.0000
020   0.0000
021   0.0000
024   0.0000
026   -1.4138
027   0.0000
033   0.0000
037   -0.0065
042   0.0000
044   0.0000
045   0.0000
046   0.0000
047   -1.3858
048   0.0000
049   -0.0002
050   -8.5884
055   0.0000
056   -3.9610
058   0.0000
059   0.0000
060   -1.2984
061   -0.0007
063   -3.3279
065   -0.1986
067   -1.4434
068   0.0000
069   -0.1734
070   -1.3071
071   0.0000
072   -0.6511
074   0.0000
075   -0.4576
080   0.0000
081   -1.1127
082   -0.4290
083   0.0000
084   -2.7626
085   -0.0777
086   -1.2386
088   0.0000
090   0.0000
092   -0.0001
