SAMPL ID, [all acidic_pKa], [all basic_pKa] 
SAMPL5_017, [8.93, 14.36], [5.76, 3.94, 0.78]
SAMPL5_058, [], [-1.41]
SAMPL5_059, [13.54, 13.54], [3.11, -0.16, -0.4]
SAMPL5_013, [7.37, 10.75, 10.75], [0.52, 0.12, -2.93]
SAMPL5_010, [4.33, 14.68], [6.62, 2.63]
SAMPL5_011, [4.57, 12.85], [4.58, 4.58]
SAMPL5_074, [12.0, 12.6, 13.04, 13.04, 14.06], [3.97, 2.92, -0.4, -0.69, -1.84, -2.3]
SAMPL5_075, [13.32], [9.25, -1.29]
SAMPL5_050, [-3.58], [2.83, 0.35]
SAMPL5_056, [3.26], [0.28]
SAMPL5_071, [15.55, 15.55], [4.02, 3.98]
SAMPL5_072, [], [8.53]
SAMPL5_019, [13.18, 13.24], [5.44, 3.76, -1.51, -2.3]
SAMPL5_061, [], [7.72, 2.72, 2.55]
SAMPL5_015, [4.44, 12.6], [5.81, 3.87, -1.33]
SAMPL5_003, [], [2.96, -1.86]
SAMPL5_085, [7.8, 9.9], [2.33]
SAMPL5_084, [15.03], [8.72, -0.08]
SAMPL5_086, [11.73], [8.87, 1.48, -1.45]
SAMPL5_081, [12.67, 12.67, 13.32], [9.25, -1.04, -1.29]
SAMPL5_080, [], [1.37, -0.58, -1.89, -2.49]
SAMPL5_083, [7.41, 8.11, 8.92, 14.92, 15.38], [6.92, 0.65, 0.28, -0.08, -0.76, -1.3, -2.66]
SAMPL5_082, [], [8.37]
SAMPL5_027, [12.98, 13.39, 13.39], [4.24, 4.05, 1.14, -0.84, -2.02]
SAMPL5_026, [4.23, 16.57], [-2.04]
SAMPL5_024, [11.15], [5.86, -0.3]
SAMPL5_021, [], [4.92, -1.08]
SAMPL5_020, [9.74], [2.65, -0.36]
SAMPL5_049, [10.75], [-0.31]
SAMPL5_004, [13.92], [6.43, -0.09]
SAMPL5_007, [13.97], [4.57, 3.47, -0.04]
SAMPL5_060, [3.75, 15.88], [5.93]
SAMPL5_067, [13.32], [9.25, -1.29]
SAMPL5_065, [], [8.15, -1.05]
SAMPL5_002, [11.05, 11.05], [4.46, 2.92]
SAMPL5_070, [], [9.1]
SAMPL5_069, [10.1, 10.22], [8.1]
SAMPL5_068, [], [0.83, -2.69]
SAMPL5_045, [11.72], [1.7, 1.11]
SAMPL5_044, [11.71], [0.78, 0.5, -1.29]
SAMPL5_048, [11.23], [1.43, 0.29]
SAMPL5_046, [10.04], [1.7, 0.84, -0.88]
SAMPL5_006, [10.9], [5.91, -1.98]
SAMPL5_063, [13.25, 13.25], [9.69, 8.66, -0.31]
SAMPL5_047, [11.35], [-0.83]
SAMPL5_055, [10.75, 10.75], [-0.75, -1.9, -2.22]
SAMPL5_088, [14.6], [5.96, -0.13, -2.19]
SAMPL5_092, [], [7.15, 5.52, 0.27]
SAMPL5_090, [], [4.44, 4.44, -1.32, -1.32]
SAMPL5_005, [11.49], [6.37, 0.04]
SAMPL5_042, [8.57, 11.33], [0.5, -1.73]
SAMPL5_033, [12.17], [2.72]
SAMPL5_037, [], [7.81, -0.07, -1.5]
